58.0
120.6
190.6
246.3
331.3
414.8
509.6
575.9
651.8
727.3
885.9
971.1
1044.4
1120.3000000000002
1209.5000000000002
1297.8000000000002
1387.8000000000002
1487.8000000000002
1573.2000000000003
1676.2000000000003
1767.4000000000003
1833.1000000000004
1896.4000000000003
1971.8000000000004
2041.8000000000004
2085.3
2130.6000000000004
2187.0000000000005
2247.7000000000003
2298.4
2364.7000000000003
2424.5000000000005
2448.0000000000005
2471.2000000000003
2499.7000000000003
2543.7000000000003
2578.7000000000003
2628.7000000000003
2699.7000000000003
2759.0000000000005
2818.7000000000003
2858.3
2936.7000000000003
2966.0000000000005
2993.1000000000004
3039.7000000000003
3077.3
3117.3
3161.3
3193.3
3239.0
3277.0
3313.0
3344.7
3366.8999999999996
3405.8999999999996
3433.8999999999996
3458.8999999999996
3478.8999999999996
3485.5999999999995
3485.5999999999995
3488.5999999999995
3490.2999999999993
3503.999999999999
3524.699999999999
3551.3999999999987
3570.199999999999
3582.499999999999
3590.699999999999
3614.799999999999
3627.9999999999986
3632.1999999999985
3642.3999999999983
3653.599999999998
3660.3999999999983
3666.8999999999983
3666.8999999999983
3666.8999999999983
3675.499999999998
3678.699999999998
3696.499999999998
3720.199999999998
3726.999999999998
3746.999999999998
3759.499999999998
3766.599999999998
3771.999999999998
3781.3999999999983
3793.8999999999983
3806.7999999999984
3810.3999999999983
3816.7999999999984
3828.5999999999985
3842.8999999999987
3859.8999999999987
3869.299999999999
3883.3999999999987
3904.5999999999985
3930.7999999999984
3960.7999999999984
3998.8999999999983
4011.6999999999985
4036.6999999999985
4087.9999999999986
4127.699999999999
4160.199999999999
4224.899999999999
4258.399999999999
4295.999999999999
4347.999999999999
4396.999999999999
4469.299999999999
4515.699999999999
4560.699999999999
4604.699999999999
4643.399999999999
4705.899999999999
4743.5999999999985
4786.5999999999985
4829.5999999999985
4877.899999999999
4921.899999999999
4968.699999999999
5015.699999999999
5064.699999999999
5114.699999999999
5165.699999999999
5236.999999999999
5314.199999999999
5373.899999999999
5420.199999999999
5477.199999999999
5544.499999999999
5603.999999999999
5678.699999999999
5736.999999999999
5808.999999999999
5857.299999999999
5923.299999999999
5998.9
6060.2
6110.8
6170.5
6231.5
6301.5
6392.5
6473.2
6544.9
6652.099999999999
6751.4
6845.5
6936.6
7037.3
7126.0
7215.7
7261.7
7305.5
7378.3
7424.0
7484.2
7524.099999999999
7601.2
7635.0
7702.7
7771.2
7840.5
7918.3
7995.5
8052.0
8083.9
8118.099999999999
8150.999999999999
8183.699999999999
8219.499999999998
8273.699999999999
8300.199999999999
8368.3
8414.599999999999
8475.499999999998
8536.899999999998
8596.599999999999
8656.3
8696.5
8730.9
8775.199999999999
8805.199999999999
8835.199999999999
8865.199999999999
8893.4
8921.4
8947.4
8973.1
8997.1
9023.1
9048.1
9070.1
9090.300000000001
9110.300000000001
9137.300000000001
9167.000000000002
9183.000000000002
9197.000000000002
9211.000000000002
9224.000000000002
9236.000000000002
9247.000000000002
9283.600000000002
9289.600000000002
9316.400000000001
9319.400000000001
9322.7
9326.7
9331.0
9336.0
9341.7
9360.900000000001
9388.300000000001
9418.300000000001
9461.300000000001
9494.2
9524.0
9557.3
9579.199999999999
9619.999999999998
9662.699999999999
9706.8
9761.5
9814.8
9868.3
9934.4
9980.699999999999
10023.4
10101.1
10178.5
10231.1
10297.9
10372.699999999999
10450.499999999998
10541.099999999999
10652.899999999998
10726.799999999997
10790.999999999998
10855.299999999997
10951.999999999998
11025.599999999999
11119.999999999998
11238.599999999999
11358.899999999998
11507.699999999997
11665.899999999998
11813.999999999998
11925.999999999998
12029.999999999998
12172.499999999998
12252.599999999999
12303.599999999999
12373.699999999999
12456.999999999998
12566.799999999997
12693.099999999997
12797.499999999996
12901.099999999997
13033.299999999997
13135.599999999997
13171.599999999997
13217.799999999997
13264.499999999998
13329.399999999998
13482.099999999999
13601.599999999999
13669.3
13727.8
13829.199999999999
13919.199999999999
14018.9
14114.6
14215.5
14306.3
14337.4
14429.6
14467.6
14524.6
14601.9
14658.1
14708.6
14787.2
14848.5
14912.5
14967.1
14996.1
15047.300000000001
15080.2
15121.300000000001
15149.7
15177.400000000001
15190.100000000002
15219.400000000001
15245.7
15286.6
15329.800000000001
15376.6
15442.0
15497.7
15541.5
15592.8
15621.3
15638.8
15645.4
15653.3
15667.3
15685.0
15697.2
15701.6
15701.6
15713.2
15724.400000000001
15728.300000000001
15740.6
15741.6
15749.5
15752.7
15758.300000000001
15773.400000000001
15781.300000000001
15803.000000000002
15814.600000000002
15820.900000000001
15842.7
15853.900000000001
15872.900000000001
15873.900000000001
15898.100000000002
15914.100000000002
15944.100000000002
15979.100000000002
16019.100000000002
16064.100000000002
16100.600000000002
16139.600000000002
16235.100000000002
16315.400000000001
16396.100000000002
16491.100000000002
16603.100000000002
16719.300000000003
16825.800000000003
16971.800000000003
17129.100000000002
17306.4
17415.7
17549.7
17694.7
17933.600000000002
18105.2
18258.2
18398.2
18569.9
18726.2
18876.5
18981.5
19096.2
19261.9
19379.9
19524.9
19664.9
19778.600000000002
19921.600000000002
20033.600000000002
20144.600000000002
20268.600000000002
20382.600000000002
20492.600000000002
20562.600000000002
20660.600000000002
20758.600000000002
20853.600000000002
20960.800000000003
21048.800000000003
21134.800000000003
21220.800000000003
21314.500000000004
21391.500000000004
21451.500000000004
21510.200000000004
21608.900000000005
21683.600000000006
21736.600000000006
21804.900000000005
21909.600000000006
22007.300000000007
22080.800000000007
22146.800000000007
22197.800000000007
22225.100000000006
22292.100000000006
22327.300000000007
22381.300000000007
22418.800000000007
22455.800000000007
22496.800000000007
22551.100000000006
22589.100000000006
22626.100000000006
22670.100000000006
22704.100000000006
22727.300000000007
22758.800000000007
22788.800000000007
22816.800000000007
22855.500000000007
22882.200000000008
22910.500000000007
22933.500000000007
22958.700000000008
22990.90000000001
23010.90000000001
23028.90000000001
23036.90000000001
23051.90000000001
23062.40000000001
23075.40000000001
23083.40000000001
23094.40000000001
23104.40000000001
23110.40000000001
23119.40000000001
23125.40000000001
23135.40000000001
23145.40000000001
23153.40000000001
23170.40000000001
23184.40000000001
23190.90000000001
23198.90000000001
23207.90000000001
23223.60000000001
23244.30000000001
23270.60000000001
23306.90000000001
23326.90000000001
23358.90000000001
23406.10000000001
23446.30000000001
23473.60000000001
23510.80000000001
23558.40000000001
23606.10000000001
23691.50000000001
23783.80000000001
23842.80000000001
23925.80000000001
24015.50000000001
24127.00000000001
24239.30000000001
24355.30000000001
24468.00000000001
24602.70000000001
24708.70000000001
24796.100000000013
24923.300000000014
25058.100000000013
25157.300000000014
25285.300000000014
25422.500000000015
25579.800000000014
25736.800000000014
25878.300000000014
26052.300000000014
26190.300000000014
26319.500000000015
26462.800000000014
26571.300000000014
26684.300000000014
26838.500000000015
26980.000000000015
27116.000000000015
27257.000000000015
27399.000000000015
27493.700000000015
27623.200000000015
27737.200000000015
27862.500000000015
27982.500000000015
28105.800000000014
28229.300000000014
28349.300000000014
28466.300000000014
28569.300000000014
28681.300000000014
28771.000000000015
28905.000000000015
29040.500000000015
29143.500000000015
29271.000000000015
29367.300000000014
29461.300000000014
29554.300000000014
29645.300000000014
29714.600000000013
29801.600000000013
29878.900000000012
29963.20000000001
30045.20000000001
30119.20000000001
30191.900000000012
30253.900000000012
30327.900000000012
30405.100000000013
30478.800000000014
30543.000000000015
30614.000000000015
30657.000000000015
30723.500000000015
30785.200000000015
30852.200000000015
30918.200000000015
30976.200000000015
31040.200000000015
31103.200000000015
31178.900000000016
31240.900000000016
31301.900000000016
31347.700000000015
31407.700000000015
31466.700000000015
31525.700000000015
31582.700000000015
31638.700000000015
31694.700000000015
31749.700000000015
31805.200000000015
31858.200000000015
31910.500000000015
31961.500000000015
32011.500000000015
32040.800000000014
32064.800000000014
32111.800000000014
32155.800000000014
32201.500000000015
32246.500000000015
32290.500000000015
32328.500000000015
32356.900000000016
32412.600000000017
32454.100000000017
32495.100000000017
32535.100000000017
32546.200000000015
32574.700000000015
32642.100000000017
32693.50000000002
32714.90000000002
32754.80000000002
32767.40000000002
32786.00000000002
32817.00000000002
32834.10000000002
32847.00000000002
32872.70000000002
32886.20000000002
32905.70000000002
32930.70000000002
32948.70000000002
32970.70000000002
32994.50000000002
33010.20000000002
33041.900000000016
33062.900000000016
33069.60000000001
33096.500000000015
33098.000000000015
33116.400000000016
33127.400000000016
33135.80000000002
33140.900000000016
33155.30000000002
33159.500000000015
33163.500000000015
33167.500000000015
33174.80000000002
33185.900000000016
33190.20000000002
33196.20000000002
33201.900000000016
33208.80000000002
33214.60000000002
33217.60000000002
33219.60000000002
33223.60000000002
33236.00000000002
33237.10000000002
33237.10000000002
33237.10000000002
33237.10000000002
33240.10000000002
33242.50000000002
33244.00000000002
33256.50000000002
33266.40000000002
33268.00000000002
33280.60000000002
33302.30000000002
33310.70000000002
33318.900000000016
33329.500000000015
33331.60000000001
33331.60000000001
33331.60000000001
33336.20000000001
33338.90000000001
33347.50000000001
33354.40000000001
33363.70000000001
33377.60000000001
33377.60000000001
33382.60000000001
33406.30000000001
33427.30000000001
33446.80000000001
33458.30000000001
33470.60000000001
33481.10000000001
33521.20000000001
33548.20000000001
33577.20000000001
33607.20000000001
33638.20000000001
33670.20000000001
33701.40000000001
33736.40000000001
33775.100000000006
33808.600000000006
33841.200000000004
33881.00000000001
33929.200000000004
33977.00000000001
34024.00000000001
34064.80000000001
34106.80000000001
34150.80000000001
34196.80000000001
34244.80000000001
34294.80000000001
34346.60000000001
34385.10000000001
34419.60000000001
34469.60000000001
34519.60000000001
34570.400000000016
34599.900000000016
34624.900000000016
34669.20000000002
34705.20000000002
34753.50000000002
34787.60000000002
34832.90000000002
34887.200000000026
34938.200000000026
34986.200000000026
35031.50000000003
35079.80000000003
35127.80000000003
35178.40000000003
35211.80000000003
35246.600000000035
35276.40000000004
35319.50000000004
35372.50000000004
35434.80000000004
35495.80000000004
35555.80000000004
35616.80000000004
35660.90000000004
35712.30000000004
35749.80000000004
35788.80000000004
35829.30000000004
35866.90000000004
35909.600000000035
35954.00000000004
35983.40000000004
36024.40000000004
36062.70000000004
36101.70000000004
36131.30000000004
36164.00000000004
36191.70000000003
36218.100000000035
36243.70000000003
36273.70000000003
36300.00000000004
36324.00000000004
36351.00000000004
36376.00000000004
36400.00000000004
36412.00000000004
36424.20000000003
36433.80000000003
36457.600000000035
36467.600000000035
36479.600000000035
36492.30000000003
36504.30000000003
36510.00000000003
36518.00000000003
36520.60000000003
36520.60000000003
36520.60000000003
36525.10000000003
36525.10000000003
36537.40000000003
36550.90000000003
36564.40000000003
36571.10000000003
36579.10000000003
36590.800000000025
36595.50000000002
36606.00000000002
36618.300000000025
36625.50000000002
36634.70000000002
36635.60000000002
36638.10000000002
36640.10000000002
36647.80000000002
36648.10000000002
36648.30000000002
36648.70000000002
36648.70000000002
36648.70000000002
36648.70000000002
36648.70000000002
36648.70000000002
36648.70000000002
36648.70000000002
36648.70000000002
36648.70000000002
36648.70000000002
36648.70000000002
36648.70000000002
36648.70000000002
36648.70000000002
36648.70000000002
36648.70000000002
36648.70000000002
36648.70000000002
36648.70000000002
36648.70000000002
36648.70000000002
36655.30000000002
36655.30000000002
36657.70000000002
36663.80000000002
36664.60000000002
36665.70000000002
36677.00000000002
36678.90000000002
36679.60000000002
36679.60000000002
36680.60000000002
36681.90000000002
36682.40000000002
36698.00000000002
36703.20000000002
36707.10000000002
36715.00000000002
36725.10000000002
36725.10000000002
36735.40000000002
36737.300000000025
36753.90000000002
36759.40000000002
36770.60000000002
36788.90000000002
36797.300000000025
36812.60000000003
36840.40000000003
36857.10000000003
36871.40000000003
36893.60000000003
36905.60000000003
36911.300000000025
36935.10000000003
36940.90000000003
36955.80000000003
36974.30000000003
36976.600000000035
36984.70000000003
37004.00000000004
37018.50000000004
37038.600000000035
37057.80000000003
37090.00000000003
37116.200000000026
37147.800000000025
37157.60000000003
37213.50000000003
37249.00000000003
37296.200000000026
37327.700000000026
37361.200000000026
37398.40000000002
37463.40000000002
37489.700000000026
37558.50000000003
37632.200000000026
37691.00000000003
37735.30000000003
37778.90000000003
37817.70000000003
37840.90000000003
37888.70000000003
37945.100000000035
37983.20000000003
38013.100000000035
38049.50000000004
38107.40000000004
38203.600000000035
38230.00000000004
38251.20000000003
38291.20000000003
38341.20000000003
38386.20000000003
38422.90000000003
38448.50000000003
38477.40000000003
38505.80000000003
38540.70000000003
38563.100000000035
38588.50000000004
38623.00000000004
38676.100000000035
38712.50000000004
38740.50000000004
38772.00000000004
38798.100000000035
38829.80000000003
38840.70000000003
38866.50000000004
38899.00000000004
38919.70000000003
38923.40000000003
38943.60000000003
38963.200000000026
38998.200000000026
39029.60000000003
39055.700000000026
39070.60000000003
39098.10000000003
39123.200000000026
39153.800000000025
39173.00000000002
39199.60000000002
39204.10000000002
39223.50000000002
39252.800000000025
39263.60000000003
39284.200000000026
39310.10000000003
39315.300000000025
39324.300000000025
39332.200000000026
39341.90000000002
39363.40000000002
39367.700000000026
39373.40000000002
39382.60000000002
39384.30000000002
39386.10000000002
39388.60000000002
39393.40000000002
39397.800000000025
39416.60000000003
39421.00000000003
39421.00000000003
39421.00000000003
39421.90000000003
39438.00000000003
39451.50000000003
39453.00000000003
39458.60000000003
39466.50000000003
39468.60000000003
39468.60000000003
39469.00000000003
39469.00000000003
39469.00000000003
39469.00000000003
39469.00000000003
39469.60000000003
39469.60000000003
39469.60000000003
39469.60000000003
39470.10000000003
39470.10000000003
39470.10000000003
39470.10000000003
39470.10000000003
39490.50000000003
39512.10000000003
39522.90000000003
39522.90000000003
39542.30000000003
39545.100000000035
39545.100000000035
39545.100000000035
39546.50000000004
39567.00000000004
39592.20000000003
39592.20000000003
39593.00000000004
39598.00000000004
39613.50000000004
39635.90000000004
39639.70000000004
39655.10000000004
39670.500000000044
39701.400000000045
39726.80000000005
39742.500000000044
39758.10000000004
39769.80000000004
39791.80000000004
39809.50000000004
39827.70000000003
39864.40000000003
39888.40000000003
39920.80000000003
39957.90000000003
40010.40000000003
40050.00000000003
40068.90000000003
40119.50000000003
40159.00000000003
40227.10000000003
40261.700000000026
40309.10000000003
40366.90000000003
40412.90000000003
40469.20000000003
40525.90000000003
40568.80000000003
40622.50000000003
40672.10000000003
40729.300000000025
40777.50000000002
40823.60000000002
40876.40000000002
40940.800000000025
41005.800000000025
41066.90000000002
41156.00000000002
41254.00000000002
41308.300000000025
41384.700000000026
41435.10000000003
41489.800000000025
41546.800000000025
41593.40000000002
41636.40000000002
41685.800000000025
41758.10000000003
41853.10000000003
41920.60000000003
41994.50000000003
42085.30000000003
42163.600000000035
42216.40000000004
42273.600000000035
42341.20000000003
42397.70000000003
42449.90000000003
42522.00000000003
42606.60000000003
42713.700000000026
42780.00000000003
42845.10000000003
42889.00000000003
42939.700000000026
43001.800000000025
43086.200000000026
43167.40000000002
43249.50000000002
43297.00000000002
43347.10000000002
43440.50000000002
43495.10000000002
43533.20000000002
43566.60000000002
43611.80000000002
43666.70000000002
43704.60000000002
43750.80000000002
43794.30000000002
43823.20000000002
43854.10000000002
43909.60000000002
43964.70000000002
43991.60000000002
44032.90000000002
44059.60000000002
44073.50000000002
44082.40000000002
44090.60000000002
44111.70000000002
44126.00000000002
44153.50000000002
44164.800000000025
44179.700000000026
44191.50000000003
44194.30000000003
44207.20000000003
44208.20000000003
44215.20000000003
44220.90000000003
44232.50000000003
44240.00000000003
44245.90000000003
44255.80000000003
44260.70000000003
44278.80000000003
44282.70000000003
44284.100000000035
44292.90000000004
44300.70000000004
44309.40000000004
44313.40000000004
44324.90000000004
44349.70000000004
44380.20000000004
44414.70000000004
44422.20000000004
44446.70000000004
44466.40000000004
44527.90000000004
44571.50000000004
44604.70000000003
44664.50000000004
44723.50000000004
44824.30000000004
44919.50000000004
45019.50000000004
45097.00000000004
45185.600000000035
45293.20000000003
45391.30000000003
45534.20000000003
45645.600000000035
45770.30000000003
45887.00000000003
45994.80000000003
46089.90000000003
46227.30000000003
46348.20000000003
46554.40000000003
46742.40000000003
46918.00000000003
47052.60000000003
47190.800000000025
47302.10000000003
47460.10000000003
47622.90000000003
47756.90000000003
47853.20000000003
47976.90000000003
48083.90000000003
48213.70000000003
48358.600000000035
48443.40000000004
48584.20000000004
48710.80000000004
48848.40000000004
48942.90000000004
49051.100000000035
49129.90000000004
49203.50000000004
49294.30000000004
49371.70000000004
49451.500000000044
49559.10000000004
49661.60000000004
49739.30000000004
49801.10000000004
49854.900000000045
49909.500000000044
49994.20000000004
50125.40000000004
50258.100000000035
50348.90000000004
50417.70000000004
50481.30000000004
50562.50000000004
50650.20000000003
50705.70000000003
50771.600000000035
50840.80000000003
50889.30000000003
50950.00000000003
51007.80000000003
51081.80000000003
51131.600000000035
51185.90000000004
51239.600000000035
51263.600000000035
51293.50000000004
51323.20000000003
51365.80000000003
51433.20000000003
51488.90000000003
51519.70000000003
51559.00000000004
51594.100000000035
51622.600000000035
51642.40000000004
51681.20000000004
51701.60000000004
51723.70000000004
51745.40000000004
51772.30000000004
51797.20000000004
51817.70000000004
51830.30000000004
51856.80000000004
51875.30000000004
51913.40000000004
51953.90000000004
51971.50000000004
51984.80000000004
51988.30000000004
51996.60000000004
52005.400000000045
52026.500000000044
52037.000000000044
52046.500000000044
52058.30000000005
52062.500000000044
52067.80000000005
52086.900000000045
52099.60000000004
52109.000000000044
52123.70000000004
52137.30000000004
52158.10000000004
52170.10000000004
52173.80000000004
52195.00000000004
52218.90000000004
52225.80000000004
52247.30000000004
52258.00000000004
52279.600000000035
52305.30000000003
52348.90000000003
52392.20000000003
52449.100000000035
52496.90000000004
52528.00000000004
52558.600000000035
52590.90000000004
52620.50000000004
52661.20000000003
52700.600000000035
52760.30000000003
52799.00000000003
52850.00000000003
52913.90000000003
52983.10000000003
53043.00000000003
53108.10000000003
53154.60000000003
53209.40000000003
53316.50000000003
53372.40000000003
53432.80000000003
53498.30000000003
53560.90000000003
53605.80000000003
53691.50000000003
53736.200000000026
53811.60000000003
53896.90000000003
53949.10000000003
54089.700000000026
54250.90000000002
54431.300000000025
54570.200000000026
54679.800000000025
54838.90000000002
54950.700000000026
55059.60000000003
55166.700000000026
55268.90000000002
55392.700000000026
55531.90000000002
55664.40000000002
55764.700000000026
55897.10000000003
56011.700000000026
56171.60000000003
56328.300000000025
56460.00000000002
56556.50000000002
56659.00000000002
56739.60000000002
56820.80000000002
56898.80000000002
56960.10000000002
57053.80000000002
57125.30000000002
57225.000000000015
57322.000000000015
57400.000000000015
57489.400000000016
57572.000000000015
57616.10000000001
57677.70000000001
57747.70000000001
57786.80000000001
57848.40000000001
57934.600000000006
58005.600000000006
58060.40000000001
58120.40000000001
58195.90000000001
58301.30000000001
58365.90000000001
58422.40000000001
58485.00000000001
58548.200000000004
58584.3
58641.700000000004
58709.600000000006
58772.100000000006
58823.00000000001
58894.40000000001
58962.80000000001
59030.30000000001
59091.50000000001
59156.90000000001
59211.80000000001
59258.70000000001
59300.70000000001
59340.40000000001
59377.90000000001
59445.20000000001
59499.500000000015
59544.900000000016
59586.000000000015
59628.900000000016
59666.60000000001
59714.20000000001
59748.90000000001
59788.90000000001
59834.80000000001
59885.20000000001
59918.70000000001
59961.000000000015
59989.80000000002
60013.20000000002
60028.60000000002
60048.60000000002
60069.30000000002
60095.70000000002
60119.70000000002
60140.80000000002
60159.500000000015
60175.30000000002
60197.70000000002
60210.400000000016
60238.60000000001
60260.000000000015
60272.30000000002
60283.70000000002
60301.10000000002
60305.50000000002
60314.60000000002
60319.90000000002
60320.300000000025
60323.40000000002
60323.40000000002
60333.10000000002
60337.40000000002
60340.50000000002
60341.00000000002
60345.90000000002
60346.300000000025
60352.800000000025
60352.800000000025
60357.800000000025
60362.40000000002
60368.300000000025
60372.700000000026
60377.200000000026
60384.90000000002
60392.10000000002
60405.80000000002
60413.20000000002
60418.400000000016
60429.500000000015
60458.70000000001
60474.70000000001
60496.90000000001
60513.80000000001
60556.20000000001
60596.80000000001
60628.20000000001
60665.40000000001
60704.40000000001
60739.30000000001
60796.80000000001
60835.10000000001
60876.500000000015
60921.000000000015
60977.70000000001
61033.000000000015
61113.10000000001
61204.30000000001
61256.20000000001
61323.10000000001
61406.80000000001
61494.40000000001
61584.70000000001
61670.40000000001
61761.40000000001
61848.50000000001
61943.700000000004
62050.50000000001
62156.30000000001
62270.90000000001
62368.100000000006
62449.100000000006
62530.600000000006
62618.600000000006
62717.50000000001
62788.90000000001
62896.00000000001
63004.600000000006
63121.3
63221.600000000006
63313.8
63403.9
63501.8
63597.4
63659.700000000004
63737.50000000001
63838.50000000001
63937.00000000001
63993.80000000001
64081.60000000001
64159.60000000001
64242.10000000001
64322.000000000015
64389.20000000001
64442.90000000001
64523.40000000001
64586.50000000001
64651.00000000001
64694.600000000006
64748.3
64812.700000000004
64896.700000000004
64970.100000000006
65032.600000000006
65099.200000000004
65141.200000000004
65191.8
65232.700000000004
65281.00000000001
65337.700000000004
65404.100000000006
65444.700000000004
65498.50000000001
65539.3
65572.0
65620.1
65642.1
65682.0
65719.7
65760.9
65818.59999999999
65865.7
65932.0
65967.8
66008.40000000001
66066.20000000001
66120.90000000001
66175.70000000001
66204.20000000001
66238.1
66295.70000000001
66324.30000000002
66373.00000000001
66412.30000000002
66451.80000000002
66481.20000000001
66515.70000000001
66549.30000000002
66576.10000000002
66613.90000000002
66635.50000000003
66652.60000000003
66677.20000000004
66690.00000000004
66721.60000000005
66760.00000000004
66784.60000000005
66802.20000000006
66815.10000000005
66831.60000000005
66840.90000000005
66853.60000000005
66860.90000000005
66875.00000000006
66884.00000000006
66885.50000000006
66885.50000000006
66886.20000000006
66895.40000000005
66900.50000000006
66903.40000000005
66904.90000000005
66909.90000000005
66914.80000000005
66924.60000000005
66938.10000000005
66947.40000000005
66972.60000000005
66988.20000000006
67004.00000000006
67030.50000000006
67067.10000000006
67093.80000000006
67124.90000000007
67153.50000000007
67187.90000000007
67231.70000000007
67293.40000000007
67352.50000000007
67420.10000000008
67481.00000000007
67540.30000000008
67593.00000000007
67634.00000000007
67738.00000000007
67846.40000000007
67905.60000000006
67985.20000000007
68065.80000000008
68125.20000000007
68202.60000000006
68306.90000000007
68384.20000000007
68499.10000000006
68658.50000000006
68818.50000000006
68994.50000000006
69130.10000000006
69262.50000000006
69416.30000000006
69552.30000000006
69698.70000000006
69846.20000000006
69976.20000000006
70064.50000000006
70189.80000000006
70333.00000000006
70495.40000000005
70640.90000000005
70732.60000000005
70835.60000000005
70945.60000000005
71025.90000000005
71114.90000000005
71220.30000000005
71310.60000000005
71390.10000000005
71510.20000000006
71598.60000000005
71700.70000000006
71808.30000000006
71918.20000000006
72023.70000000006
72116.60000000005
72231.20000000006
72334.70000000006
72446.70000000006
72530.60000000005
72617.30000000005
72724.30000000005
72822.60000000005
72898.80000000005
72946.70000000004
72991.50000000004
73058.40000000004
73126.60000000003
73174.10000000003
73221.50000000003
73276.90000000002
73326.10000000002
73386.90000000002
73451.10000000002
73497.50000000001
73529.50000000001
73574.10000000002
73612.30000000002
73680.10000000002
73741.40000000002
73769.40000000002
73803.70000000003
73832.60000000002
73861.90000000002
73876.50000000003
73898.70000000003
73932.50000000003
73961.60000000003
73973.10000000003
73997.00000000003
74009.50000000003
74024.10000000003
74026.50000000003
74039.20000000003
74056.90000000002
74066.80000000002
74081.10000000002
74096.10000000002
74127.30000000002
74129.60000000002
74134.70000000003
74136.30000000003
74151.50000000003
74160.30000000003
74170.20000000003
74184.50000000003
74194.40000000002
74202.60000000002
74227.00000000001
74235.70000000001
74247.40000000001
74263.20000000001
74284.40000000001
74297.8
74303.7
74310.0
74326.4
74333.09999999999
74347.59999999999
74349.9
74353.2
74359.2
74367.0
74367.1
74372.90000000001
74379.3
74379.40000000001
74379.40000000001
74384.70000000001
74385.80000000002
74389.90000000002
74390.40000000002
74391.20000000003
74391.80000000003
74391.80000000003
74398.00000000003
74400.40000000002
74405.20000000003
74412.70000000003
74423.40000000002
74429.50000000003
74441.80000000003
74454.70000000003
74461.90000000002
74485.90000000002
74513.40000000002
74532.90000000002
74552.20000000003
74575.70000000003
74609.80000000003
74631.70000000003
74679.80000000003
74745.80000000003
74788.80000000003
74819.50000000003
74849.10000000003
74885.50000000003
74938.70000000003
74990.20000000003
75041.90000000002
75085.40000000002
75145.90000000002
75222.80000000002
75280.80000000002
75334.00000000001
75398.00000000001
75452.80000000002
75500.10000000002
75545.10000000002
75614.40000000002
75681.90000000002
75777.70000000003
75841.80000000003
75887.00000000003
75932.40000000002
75972.80000000002
76030.50000000001
76089.70000000001
76174.1
76215.90000000001
76276.50000000001
76323.40000000001
76366.20000000001
76448.30000000002
76480.40000000002
76556.90000000002
76637.50000000003
76683.50000000003
76736.10000000003
76819.90000000004
76904.40000000004
76980.30000000003
77071.80000000003
77158.70000000003
77245.50000000003
77321.60000000003
77388.10000000003
77439.30000000003
77492.40000000004
77548.20000000004
77610.10000000003
77657.90000000004
77694.50000000004
77741.70000000004
77784.50000000004
77856.30000000005
77906.10000000005
77961.10000000005
78034.10000000005
78117.80000000005
78184.30000000005
78234.30000000005
78273.90000000005
78312.60000000005
78345.90000000005
78367.60000000005
78397.50000000004
78423.40000000004
78480.70000000004
78524.40000000004
78555.10000000003
78582.20000000004
78612.50000000004
78629.40000000004
78650.80000000003
78659.40000000004
78659.70000000004
78672.10000000003
78682.40000000004
78695.60000000003
78699.80000000003
78706.70000000003
78726.70000000003
78742.40000000002
78765.70000000003
78787.10000000002
78794.50000000001
78801.10000000002
78808.00000000001
78828.70000000001
78841.40000000001
78848.50000000001
78856.30000000002
78861.40000000002
78868.40000000002
78875.50000000003
78878.60000000003
78881.40000000004
78890.20000000004
78892.30000000005
78903.00000000004
78909.70000000004
78910.50000000004
78919.00000000004
78926.00000000004
78930.30000000005
78932.70000000004
78939.10000000003
78948.80000000003
78969.40000000004
78975.90000000004
78978.00000000004
78978.20000000004
78984.90000000004
78990.20000000004
78990.80000000005
78995.90000000005
78997.50000000006
79002.30000000006
79003.60000000006
79015.20000000007
79023.70000000007
79040.90000000007
79052.10000000006
79061.70000000007
79069.50000000007
79083.00000000007
79105.20000000007
79115.60000000006
79136.10000000006
79177.20000000007
79225.50000000007
79284.30000000008
79317.50000000007
79371.30000000008
79422.80000000008
79464.70000000007
79497.00000000007
79566.10000000008
79641.70000000008
79691.60000000008
79761.20000000008
79840.80000000009
79917.1000000001
79993.9000000001
80095.30000000009
80158.1000000001
80228.6000000001
80294.00000000009
80372.6000000001
80447.6000000001
80520.6000000001
80586.30000000009
80674.4000000001
80759.1000000001
80847.30000000009
80936.1000000001
81065.30000000009
81143.20000000008
81222.90000000008
81298.00000000009
81391.80000000009
81475.00000000009
81559.6000000001
81611.9000000001
81693.5000000001
81794.7000000001
81893.6000000001
81999.6000000001
82069.9000000001
82135.80000000009
82211.30000000009
82267.9000000001
82327.9000000001
82391.2000000001
82458.4000000001
82519.4000000001
82596.30000000009
82663.80000000009
82735.30000000009
82783.1000000001
82852.00000000009
82909.70000000008
82977.60000000008
83024.80000000008
83095.50000000007
83124.50000000007
83181.90000000007
83233.90000000007
83277.70000000007
83305.40000000007
83354.40000000007
83399.40000000007
83426.60000000006
83487.90000000007
83516.30000000006
83554.30000000006
83596.90000000007
83637.50000000007
83666.90000000007
83696.00000000007
83727.00000000007
83747.00000000007
83758.30000000008
83785.90000000008
83807.70000000008
83855.80000000009
83870.1000000001
83878.50000000009
83911.80000000009
83942.00000000009
83978.40000000008
84016.70000000008
84031.20000000008
84057.00000000009
84079.30000000009
84088.30000000009
84119.70000000008
84154.50000000009
84188.90000000008
84219.80000000008
84232.40000000008
84251.90000000008
84261.10000000008
84279.20000000008
84293.40000000008
84301.10000000008
84321.60000000008
84335.10000000008
84338.00000000007
84346.40000000007
84359.40000000007
84367.20000000007
84377.70000000007
84387.10000000006
84400.70000000007
84409.30000000008
84425.30000000008
84440.50000000007
84452.60000000008
84460.90000000008
84465.20000000008
84473.50000000009
84486.40000000008
84490.90000000008
84491.20000000008
84491.40000000008
84493.80000000008
84498.30000000008
84498.30000000008
84508.50000000007
84514.30000000008
84515.00000000007
84516.00000000007
84516.60000000008
84520.30000000008
84524.10000000008
84524.10000000008
84529.30000000008
84529.30000000008
84541.70000000007
84541.70000000007
84544.50000000007
84545.90000000007
84546.80000000006
84549.10000000006
84556.70000000007
84573.00000000007
84583.30000000008
84584.40000000008
84592.70000000008
84609.70000000008
84623.20000000008
84649.30000000009
84663.9000000001
84680.2000000001
84708.1000000001
84736.9000000001
84748.0000000001
84786.9000000001
84831.4000000001
84877.0000000001
84908.60000000011
84933.10000000011
84970.3000000001
85013.3000000001
85052.8000000001
85094.7000000001
85145.3000000001
85203.5000000001
85233.60000000011
85287.8000000001
85325.8000000001
85380.40000000011
85435.20000000011
85521.00000000012
85577.50000000012
85616.80000000012
85664.80000000012
85713.80000000012
85786.80000000012
85845.60000000012
85900.60000000012
85979.30000000012
86086.50000000012
86142.00000000012
86187.50000000012
86218.80000000012
86283.30000000012
86338.60000000012
86396.30000000012
86459.50000000012
86563.10000000012
86610.80000000012
86666.90000000013
86684.70000000013
86723.60000000012
86788.30000000012
86864.70000000011
86972.90000000011
87033.60000000011
87086.20000000011
87129.10000000011
87169.5000000001
87219.2000000001
87273.5000000001
87358.5000000001
87423.9000000001
87485.4000000001
87532.7000000001
87571.9000000001
87605.80000000009
87634.50000000009
87692.1000000001
87732.9000000001
87781.0000000001
87820.5000000001
87911.0000000001
87997.9000000001
88030.2000000001
88075.7000000001
88115.2000000001
88171.9000000001
88218.5000000001
88284.8000000001
88317.10000000011
88353.10000000011
88375.70000000011
88411.50000000012
88434.60000000012
88473.40000000013
88531.80000000012
88587.60000000012
88641.80000000012
88668.20000000011
88699.70000000011
88721.10000000011
88729.5000000001
88751.7000000001
88764.0000000001
88778.10000000011
88789.60000000011
88815.8000000001
88854.10000000011
88859.0000000001
88864.8000000001
88868.2000000001
88877.2000000001
88885.0000000001
88901.5000000001
88910.5000000001
88912.7000000001
88916.2000000001
88920.2000000001
88924.2000000001
88926.8000000001
88931.0000000001
88933.2000000001
88933.5000000001
88933.5000000001
88938.4000000001
88942.9000000001
88947.30000000009
88951.4000000001
88954.4000000001
88954.7000000001
88964.2000000001
88968.8000000001
88969.90000000011
88976.3000000001
88978.60000000011
88981.5000000001
88982.0000000001
88982.9000000001
88982.9000000001
88982.9000000001
88984.6000000001
88984.80000000009
88986.00000000009
88989.1000000001
88989.80000000009
88993.6000000001
88996.4000000001
88999.0000000001
89002.10000000011
89019.40000000011
89024.60000000011
89036.0000000001
89041.4000000001
89049.1000000001
89061.80000000009
89070.00000000009
89086.40000000008
89108.70000000008
89131.70000000008
89174.00000000009
89212.80000000009
89254.1000000001
89287.1000000001
89355.9000000001
89427.5000000001
89497.10000000011
89546.60000000011
89600.10000000011
89642.60000000011
89677.10000000011
89722.40000000011
89777.8000000001
89844.8000000001
89916.60000000011
89991.10000000011
90058.8000000001
90112.3000000001
90147.5000000001
90192.60000000011
90243.3000000001
90308.90000000011
90361.90000000011
90436.60000000011
90508.5000000001
90603.3000000001
90678.0000000001
90792.10000000011
90907.0000000001
91026.8000000001
91181.3000000001
91310.7000000001
91382.9000000001
91479.30000000009
91608.6000000001
91704.6000000001
91769.9000000001
91842.1000000001
91922.6000000001
91999.30000000009
92058.70000000008
92166.30000000009
92268.00000000009
92347.90000000008
92432.90000000008
92516.30000000008
92575.50000000007
92623.60000000008
92703.10000000008
92769.60000000008
92821.40000000008
92909.50000000009
93020.70000000008
93085.40000000008
93154.40000000008
93209.10000000008
93261.90000000008
93303.90000000008
93338.80000000008
93389.90000000008
93443.80000000008
93514.00000000007
93528.80000000008
93562.10000000008
93600.80000000008
93628.30000000008
93647.50000000007
93683.80000000008
93733.40000000008
93760.60000000008
93790.50000000007
93822.00000000007
93850.30000000008
93877.00000000007
93909.40000000007
93931.60000000006
93965.30000000006
94007.20000000006
94030.00000000006
94047.80000000006
94066.00000000006
94083.80000000006
94104.10000000006
94115.90000000007
94142.30000000006
94197.00000000006
94208.00000000006
94216.00000000006
94221.80000000006
94232.70000000006
94239.20000000006
94243.90000000005
94250.10000000005
94257.50000000004
94275.00000000004
94279.50000000004
94281.00000000004
94284.30000000005
94290.40000000005
94293.60000000005
94302.70000000006
94306.20000000006
94306.70000000006
94319.90000000005
94331.50000000006
94341.50000000006
94344.30000000006
94344.80000000006
94349.90000000007
94351.70000000007
94363.00000000007
94383.80000000008
94407.80000000008
94435.90000000008
94455.20000000008
94480.30000000009
94505.9000000001
94528.4000000001
94544.9000000001
94550.4000000001
94573.6000000001
94591.6000000001
94623.30000000009
94666.1000000001
94713.6000000001
94752.1000000001
94790.00000000009
94850.20000000008
94919.40000000008
94978.00000000009
95076.6000000001
95148.4000000001
95218.4000000001
95280.9000000001
95319.4000000001
95383.7000000001
95457.2000000001
95509.5000000001
95571.10000000011
95631.90000000011
95703.40000000011
95763.90000000011
95843.3000000001
95924.90000000011
96017.90000000011
96087.50000000012
96181.00000000012
96260.10000000012
96319.20000000013
96374.10000000012
96427.90000000013
96496.30000000012
96559.40000000013
96626.60000000012
96671.80000000012
96755.30000000012
96828.80000000012
96914.20000000011
96994.80000000012
97071.70000000011
97163.10000000011
97261.10000000011
97344.90000000011
97434.60000000011
97496.0000000001
97546.3000000001
97605.3000000001
97674.2000000001
97738.3000000001
97788.5000000001
97841.3000000001
97899.5000000001
97971.4000000001
98041.6000000001
98107.4000000001
98141.80000000009
98195.80000000009
98276.9000000001
98384.9000000001
98450.2000000001
98499.4000000001
98534.4000000001
98572.6000000001
98609.4000000001
98638.2000000001
98660.1000000001
98685.00000000009
98717.1000000001
98751.50000000009
98787.1000000001
98812.9000000001
98827.5000000001
98870.60000000011
98900.60000000011
98931.8000000001
98956.40000000011
98971.70000000011
98989.10000000011
99002.10000000011
99021.10000000011
99031.10000000011
99049.8000000001
99067.60000000011
99079.70000000011
99090.30000000012
99101.50000000012
99112.70000000011
99130.60000000011
99152.8000000001
99162.40000000011
99169.20000000011
99173.20000000011
99182.10000000011
99190.3000000001
99201.3000000001
99213.60000000011
99235.8000000001
99245.90000000011
99248.8000000001
99252.0000000001
99257.2000000001
99260.0000000001
99260.2000000001
99265.3000000001
99268.3000000001
99268.90000000011
99269.20000000011
99272.60000000011
99280.40000000011
99284.70000000011
99296.00000000012
99315.70000000011
99322.40000000011
99331.70000000011
99340.00000000012
99344.00000000012
99349.70000000011
99358.40000000011
99373.8000000001
99392.7000000001
99413.2000000001
99436.3000000001
99448.5000000001
99475.8000000001
99521.5000000001
99555.4000000001
99585.5000000001
99627.60000000011
99680.8000000001
99745.0000000001
99806.5000000001
99869.3000000001
99943.60000000011
100020.70000000011
100095.60000000011
100150.20000000011
100220.20000000011
100272.50000000012
100359.50000000012
100435.50000000012
100524.50000000012
100639.90000000011
100763.3000000001
100895.8000000001
101024.3000000001
101108.2000000001
101217.5000000001
101334.2000000001
101464.5000000001
101609.60000000011
101747.3000000001
101848.0000000001
101972.9000000001
102047.30000000009
102136.1000000001
102234.50000000009
102353.70000000008
102440.20000000008
102541.20000000008
102668.60000000008
102766.10000000008
102931.40000000008
103047.10000000008
103136.70000000008
103235.80000000009
103358.00000000009
103450.70000000008
103531.00000000009
103608.40000000008
103673.00000000009
103782.1000000001
103900.4000000001
104001.4000000001
104099.0000000001
104204.8000000001
104317.40000000011
104405.50000000012
104473.60000000012
104515.70000000013
104566.20000000013
104625.60000000012
104708.90000000013
104769.60000000012
104824.00000000012
104907.90000000011
104975.40000000011
105080.90000000011
105147.40000000011
105202.40000000011
105260.8000000001
105329.10000000011
105374.70000000011
105419.20000000011
105465.60000000011
105498.40000000011
105527.90000000011
105587.70000000011
105654.60000000011
105714.60000000011
105780.5000000001
105826.8000000001
105865.10000000011
105898.8000000001
105934.40000000011
105987.20000000011
106041.40000000011
106102.10000000011
106127.10000000011
106138.5000000001
106156.2000000001
106176.4000000001
106193.6000000001
106212.80000000009
106243.50000000009
106266.00000000009
106278.40000000008
106307.30000000008
106334.70000000007
106360.80000000008
106374.90000000008
106382.50000000009
106395.70000000008
106415.10000000008
106425.10000000008
106432.90000000008
106443.10000000008
106461.90000000008
106465.60000000008
106466.10000000008
106477.10000000008
106477.40000000008
106479.90000000008
106484.90000000008
106489.90000000008
106506.60000000008
106520.90000000008
106537.80000000008
106548.60000000008
106577.00000000007
106595.50000000007
106608.20000000007
106629.70000000007
106661.70000000007
106692.30000000008
106728.50000000007
106771.10000000008
106797.00000000007
106831.90000000007
106900.70000000007
106946.70000000007
106974.10000000006
107021.70000000007
107107.90000000007
107184.50000000007
107260.20000000007
107345.10000000006
107418.60000000006
107534.80000000006
107642.00000000006
107736.40000000005
107838.70000000006
107962.50000000006
108084.20000000006
108199.90000000005
108313.30000000005
108443.10000000005
108592.90000000005
108794.20000000006
108958.10000000005
109116.00000000004
109304.80000000005
109474.20000000004
109637.80000000005
109765.80000000005
109882.30000000005
109990.80000000005
110076.90000000005
110171.70000000006
110361.40000000005
110535.40000000005
110703.20000000006
110845.40000000005
111003.30000000005
111146.60000000005
111282.90000000005
111378.70000000006
111516.70000000006
111635.80000000006
111818.10000000006
111975.60000000006
112122.60000000006
112228.80000000006
112350.50000000006
112476.30000000006
112600.10000000006
112745.40000000007
112877.00000000007
113020.50000000007
113138.10000000008
113239.70000000008
113334.50000000009
113444.20000000008
113557.60000000008
113663.80000000008
113747.40000000008
113838.40000000008
113923.60000000008
113974.90000000008
114036.30000000008
114091.10000000008
114145.20000000008
114205.10000000008
114265.00000000007
114324.90000000007
114417.80000000006
114526.30000000006
114626.90000000007
114688.40000000007
114749.40000000007
114832.50000000007
114884.10000000008
114936.50000000007
114982.30000000008
115023.00000000007
115045.70000000007
115067.70000000007
115096.80000000008
115120.20000000007
115156.60000000006
115195.90000000007
115250.80000000006
115279.00000000006
115302.80000000006
115324.90000000007
115359.20000000007
115385.70000000007
115389.60000000006
115399.60000000006
115427.40000000007
115439.90000000007
115461.70000000007
115470.30000000008
115493.80000000008
115513.10000000008
115521.30000000008
115522.90000000008
115525.40000000008
115525.60000000008
115526.10000000008
115537.00000000007
115538.80000000008
115539.60000000008
115539.80000000008
115544.60000000008
115553.00000000007
115554.50000000007
115561.50000000007
115570.70000000007
115578.30000000008
115601.40000000008
115622.20000000008
115627.10000000008
115638.40000000008
115667.30000000008
115699.00000000007
115725.70000000007
115766.40000000007
115809.10000000006
115867.60000000006
115956.80000000006
116033.70000000006
116107.30000000006
116231.30000000006
116349.70000000006
116460.40000000005
116597.00000000006
116713.60000000006
116842.70000000007
117012.30000000008
117185.50000000007
117340.80000000008
117542.10000000008
117734.20000000008
117899.20000000008
118029.40000000008
118186.80000000008
118362.00000000007
118526.60000000008
118727.30000000008
118914.50000000007
119072.50000000007
119308.30000000008
119562.10000000008
119773.00000000007
120012.40000000007
120214.90000000007
120379.80000000006
120570.50000000006
120766.50000000006
120941.80000000006
121113.30000000006
121304.70000000006
121504.90000000005
121706.10000000005
121887.60000000005
122039.90000000005
122227.50000000006
122444.90000000005
122588.00000000006
122773.70000000006
122937.00000000006
123109.00000000006
123277.70000000006
123427.30000000006
123626.90000000007
123772.10000000006
123883.50000000006
124007.50000000006
124132.50000000006
124278.80000000006
124384.80000000006
124487.00000000006
124609.00000000006
124728.60000000006
124838.80000000006
124960.50000000006
125094.60000000006
125221.80000000006
125304.60000000006
125394.20000000007
125479.80000000008
125537.70000000007
125583.80000000008
125636.80000000008
125698.20000000007
125749.20000000007
125826.60000000006
125896.80000000006
125952.70000000006
126016.30000000006
126054.00000000006
126086.60000000006
126126.60000000006
126165.30000000006
126215.60000000006
126261.20000000007
126307.60000000006
126351.30000000006
126393.30000000006
126415.10000000006
126436.90000000007
126488.20000000007
126527.70000000007
126554.60000000006
126577.80000000006
126597.60000000006
126622.00000000006
126639.10000000006
126668.40000000007
126711.40000000007
126747.30000000006
126766.90000000007
126800.10000000006
126838.90000000007
126874.20000000007
126897.60000000006
126912.50000000006
126927.80000000006
126945.50000000006
126962.00000000006
126970.60000000006
126980.10000000006
126989.20000000007
126992.30000000008
127001.60000000008
127006.30000000008
127012.40000000008
127019.80000000008
127034.90000000008
127052.40000000008
127066.60000000008
127078.30000000008
127085.10000000008
127109.20000000008
127125.10000000008
127137.00000000007
127145.90000000007
127162.70000000007
127182.80000000008
127198.60000000008
127215.60000000008
127243.80000000008
127268.20000000007
127293.50000000007
127342.20000000007
127387.50000000007
127435.20000000007
127491.90000000007
127543.10000000006
127593.30000000006
127650.50000000006
127707.70000000006
127778.10000000005
127889.00000000004
127982.60000000005
128094.40000000005
128163.90000000005
128250.40000000005
128317.70000000006
128409.20000000006
128516.40000000005
128593.20000000006
128681.40000000005
128775.70000000006
128902.10000000005
129023.90000000005
129135.80000000005
129228.00000000004
129309.20000000004
129436.40000000004
129546.70000000004
129642.80000000005
129752.10000000005
129869.30000000005
129977.00000000004
130063.00000000004
130172.80000000005
130277.20000000004
130397.70000000004
130533.50000000004
130640.30000000005
130760.30000000005
130866.30000000005
130963.10000000005
131061.10000000005
131152.40000000005
131248.10000000006
131341.60000000006
131439.50000000006
131551.00000000006
131678.80000000005
131781.70000000004
131891.20000000004
132018.70000000004
132125.50000000003
132238.00000000003
132331.00000000003
132430.50000000003
132517.10000000003
132612.30000000005
132695.80000000005
132787.10000000003
132866.10000000003
132926.80000000005
132998.60000000003
133056.10000000003
133105.90000000002
133186.90000000002
133248.30000000002
133298.50000000003
133350.20000000004
133413.40000000005
133495.60000000006
133557.10000000006
133645.50000000006
133725.60000000006
133788.80000000008
133869.30000000008
133957.30000000008
134033.80000000008
134110.60000000006
134174.60000000006
134235.90000000005
134277.50000000006
134322.80000000005
134366.20000000004
134409.10000000003
134455.10000000003
134512.80000000005
134555.20000000004
134594.70000000004
134617.80000000005
134643.40000000005
134702.70000000004
134733.40000000005
134757.30000000005
134780.60000000003
134808.20000000004
134834.20000000004
134855.50000000003
134895.80000000002
134935.30000000002
134971.30000000002
135027.1
135060.7
135100.90000000002
135148.00000000003
135173.00000000003
135193.50000000003
135212.40000000002
135223.90000000002
135235.40000000002
135240.50000000003
135249.50000000003
135260.90000000002
135289.10000000003
135328.80000000005
135342.70000000004
135351.80000000005
135371.20000000004
135379.00000000003
135387.10000000003
135391.40000000002
135413.30000000002
135432.1
135444.5
135456.7
135458.6
135475.0
135488.5
135509.1
135514.30000000002
135529.6
135546.0
135569.1
135577.80000000002
135590.7
135609.30000000002
135647.80000000002
135669.2
135699.30000000002
135743.30000000002
135787.1
135816.2
135859.40000000002
135911.30000000002
136004.90000000002
136081.40000000002
136181.10000000003
136263.80000000005
136358.90000000005
136429.30000000005
136487.40000000005
136625.60000000006
136750.70000000007
136848.60000000006
136971.30000000008
137137.90000000008
137275.40000000008
137413.40000000008
137514.90000000008
137649.30000000008
137798.80000000008
137958.20000000007
138100.40000000008
138288.80000000008
138475.0000000001
138658.30000000008
138834.60000000006
138994.20000000007
139149.20000000007
139275.40000000008
139439.5000000001
139619.40000000008
139776.70000000007
139913.00000000006
140048.40000000005
140203.40000000005
140368.10000000006
140516.00000000006
140690.40000000005
140804.40000000005
140945.70000000004
141081.20000000004
141237.60000000003
141365.10000000003
141455.10000000003
141598.90000000002
141757.60000000003
141924.90000000002
142087.30000000002
142224.80000000002
142374.90000000002
142486.10000000003
142649.70000000004
142803.50000000003
142925.50000000003
143007.70000000004
143118.10000000003
143224.20000000004
143331.80000000005
143450.60000000003
143545.30000000005
143643.40000000005
143770.40000000005
143854.70000000004
143905.70000000004
143972.20000000004
144052.90000000005
144152.10000000006
144243.20000000007
144325.40000000008
144397.20000000007
144447.50000000006
144503.30000000005
144536.60000000003
144570.00000000003
